-5.249557912372053714e-01 4.243213958511510286e-01
1.977956154125346977e+00 1.950466613439632291e-01
8.232841256214005199e-01 -8.082370943255162699e-01
-1.227766251758671601e+00 5.087395795125283504e-01
-7.671687801347700786e-01 -2.681218431386118706e-01
1.078253268982687807e+00 1.160905181001378877e-01
1.659568438150787806e+00 5.587905907250407811e-01
3.338941727027491257e-01 1.568765510698988397e-02
7.285692619916410706e-01 2.080250231307127495e-01
-6.638526214937823244e-01 7.037309181205552155e-01
1.471234059610196931e+00 8.662026268823261876e-01
-1.051609425896778971e+00 7.052992509691862200e-01
-1.347283929865682683e+00 4.251827298361646190e-01
-1.198020293308683648e-01 1.200749527545143636e+00
-7.383616697341230939e-01 4.142268343888759752e-01
8.789900850648902919e-01 1.759130585177852701e+00
7.412404787447983701e-01 5.105850703206150643e-01
7.153439732649073957e-01 1.134952177470380796e+00
8.023855086728228780e-01 4.202897418000435259e-01
5.144477147777577475e-01 1.157408602257911978e+00
-6.194811374265032367e-01 5.608375082464142070e-01
-1.573734326205551204e+00 2.810899776277829831e-01
-1.254826090875826861e+00 2.809628491944068385e-01
-1.217576775860818694e+00 1.424631864239670920e+00
7.665772269736187416e-01 2.915469434368702650e-01
-1.173956074663076388e+00 5.781744845519900533e-01
1.185412500640551148e+00 1.071030902593617773e+00
8.454935154764389171e-01 -8.380019031649883487e-01
1.400282401715498448e+00 1.039130087580830697e+00
1.143171844446139840e+00 3.044219172377253813e-01
9.921589441987226365e-01 8.046408414911149221e-02
1.018502860955074807e+00 1.383951203866351953e+00
-1.552191669714225286e+00 5.260825396304872337e-01
9.046732532093003654e-01 -1.974247570167251553e-01
2.409794925919894748e-02 6.700541351352510278e-01
2.085308013324590481e-01 3.051896895536025944e-01
8.002754853685624115e-01 1.850279439237593748e-01
8.965481619180141193e-01 4.400894560403911249e-01
5.277768720408748671e-01 -2.050248466012742354e-01
-1.612717759415084107e+00 9.221814882007735026e-01
-1.745628796352802770e+00 7.196958506322684856e-01
-3.852898675980764853e-02 1.240257395717212052e+00
1.759997430382886474e+00 1.859794653708097378e+00
-1.134001685475690246e+00 9.012281978981975250e-01
1.509470902838727646e-01 1.936402376975316919e-01
1.383331590822542978e+00 1.178146408736144402e+00
7.649835586495625783e-01 8.916342647122307286e-01
7.804052390989260068e-01 1.090669214608910753e+00
1.410792856024897901e+00 1.002646323149680496e+00
-1.406573141022227080e+00 -3.631413011658384260e-01
-6.141047243931663235e-01 9.117520769818656667e-01
-5.677819005702471333e-01 1.289174897967790279e-01
1.121058980492561474e+00 5.556398713231845976e-01
1.345769375535093237e+00 3.473745718280029648e-01
1.289260748864439199e+00 1.748272284965869949e-01
2.296014927776875991e-01 3.163099710016585575e-02
1.024747490825045348e+00 2.469183881404781733e-01
-5.395705881095904655e-01 6.593638264715105946e-01
8.176532278041572788e-01 7.835192763618198386e-02
-1.453649182191621092e+00 5.259726978980694412e-01
5.971867462303160901e-01 4.408440378391839110e-01
-1.534223389074718114e-02 1.032246430679659710e+00
5.220274997536115125e-01 -1.729908878496932145e-01
3.601554133978802641e-01 7.072843978611136340e-01
1.228707803110495433e+00 5.176939931331357991e-01
1.593908922527832450e-01 5.555143209522750425e-01
-1.847934526133014899e-01 1.432026150248824070e+00
-1.321809201416445312e+00 -6.117015761122133188e-01
9.335597112065221470e-01 -1.488954397008641628e-01
-4.106102144201746462e-01 4.100375820938245708e-01
1.260532438226379170e+00 -2.878939849065330625e-01
1.434481743448397628e+00 1.138435952923064098e+00
-1.447733280596837702e+00 6.934512489296309479e-01
-1.372377411024219951e+00 8.678073067049280054e-02
6.707235165974980706e-01 7.428830170300055880e-01
4.726857680074930679e-01 1.410123918662340659e+00
1.349228574553668070e+00 1.885444543134670060e-03
6.539750761078044761e-01 7.681885271228988676e-01
-8.019966436691773337e-01 -4.653075436525289099e-02
1.468371231767628515e+00 1.706163853018721532e+00
1.019315275920094077e+00 -8.283575511609768682e-01
1.915723874319710252e-01 9.722397434952069206e-01
4.909790623563176082e-01 9.610726220295746636e-01
9.691867989521762983e-01 -5.365263814558734329e-02
6.401978057241035636e-01 -4.064964942770386558e-01
-9.279782144195609650e-01 1.227136753481487652e+00
-9.947499896395897157e-01 1.392935246952917705e+00
2.151958348841970903e+00 -5.300079113607736314e-01
1.431298005664225492e+00 -3.278095464874664078e-01
-1.517121420892232342e+00 8.407972591408134910e-01
1.346886576345066366e+00 -7.978671907313344969e-02
-1.201588473486589814e+00 1.111222535191213723e+00
3.467365741323417128e-01 8.290653398090940263e-01
-6.622051978671505967e-02 9.530223291376926920e-01
6.560811944856588251e-01 -6.070387015470602998e-01
-1.535376310755271145e+00 1.027225863465568434e+00
6.738532000324903848e-01 -2.605946561505554371e-01
6.354776706026521449e-01 1.098278700364392346e+00
-4.059851038238491139e-01 6.584713059624247578e-01
1.177378846556609071e+00 1.308443277196639443e+00
-1.019641409113747788e+00 -8.404674887059870869e-02
-8.958625109615698801e-01 9.883195182418563762e-01
1.169452062607972298e+00 2.010521780742398512e+00
-1.176996955626741892e+00 -1.874756467090094025e-01
-1.586561702557079956e+00 1.471810592824646324e+00
-1.277821147010946845e-01 -5.112534218178017564e-01
1.261945511917102802e+00 4.421104352233070495e-02
4.104210346811560939e-01 1.650714035832380411e+00
1.139962299521619205e+00 -4.907519482147897072e-02
1.534254699658004650e+00 -2.266929019256938294e-01
9.914897930692797567e-01 1.895758677775409018e-01
1.137258178861969782e+00 -4.454575414977639536e-01
1.465924187057151773e+00 1.699824919006309998e-01
1.471523043661258967e+00 -3.698385835947781697e-01
-9.166632523137354660e-01 8.175157184460531967e-01
1.333191541015957160e+00 -2.303598936942766462e-01
7.485916496787308194e-01 2.206226839771874282e+00
1.175890055340679030e+00 1.189617766767793405e+00
1.321657232531463944e+00 -7.853117043167263667e-01
1.869436338727255453e+00 1.497197195657749447e+00
6.579945511313917139e-01 8.297753980949360564e-01
1.048862483857427863e+00 2.914768398766467983e-01
9.211664919180920785e-01 1.128361748649104657e+00
3.328707642986232784e-01 -6.733587528987776682e-01
1.246870888674594280e+00 -5.805196951718326337e-02
1.070976581660389781e+00 -1.596642085725475946e-01
-1.401704832086920538e+00 1.552251111248997284e-01
1.836827368827523843e-01 2.161161378457729931e-01
1.866360593459566619e+00 1.342250553429595206e+00
4.300987722866129737e-01 1.392478760620250000e+00
-1.014091114169327401e+00 7.141659352652087733e-01
1.249345137454913823e+00 1.523986077984026410e+00
1.550142169110186874e+00 1.649010986163110593e+00
4.213223704045732099e-01 -1.561461255628466549e-01
-7.988291794112254429e-01 1.575949545298434007e-01
9.409179774357151471e-01 -3.400891019984251806e-01
-1.435398574590940779e+00 2.105751676177922693e-01
8.886971595258397194e-01 5.434603909791018150e-01
5.072446311579246192e-01 -7.359175037317934320e-01
-1.524276482533546417e+00 -2.100089685894875879e-01
1.271655945693759726e+00 1.219521478836021355e+00
1.590689300644142934e+00 6.840481209974162979e-01
-1.443100200072642281e-01 1.125742207510768589e+00
-1.626397680024963099e+00 8.887451779159549758e-01
6.699718399329586127e-01 1.087909476648013962e+00
-1.193663408703976136e+00 3.488486247123322448e-01
6.812814872238854846e-01 -1.986359071643988283e-01
1.157307746614846256e-01 1.177740896371884505e+00
-1.820869085705900670e-01 1.010167090852621685e+00
8.661332315530168025e-01 -5.640056657350034364e-01
4.055703711079855500e-01 -2.534081771493437718e-01
-2.558739031022001509e-01 1.447944588015291689e+00
-3.848546596361396288e-01 1.101189924392205643e+00
-9.225262871515418350e-01 6.890812598010868095e-01
6.737957088064899791e-01 -1.954766875938005466e-01
-1.206809490379873617e+00 1.262725942796211198e-01
8.540813186260686196e-01 -3.807461059058116493e-01
-8.218168014127991139e-01 8.532865840959740211e-01
-1.500107673694782484e+00 -2.723855483888057982e-01
-1.384958037222658200e+00 7.696245956459086823e-01
-9.667413888084160911e-01 6.512359488698906684e-01
1.548173422832899160e+00 8.828920993277317164e-01
1.393163981054488021e+00 -2.332095483679715309e-01
-2.276494907917039345e+00 8.268092977201803029e-01
-4.730153560307237548e-02 1.061860957116753212e+00
1.564297032257284226e+00 1.248000473171981151e+00
8.262746737507183914e-01 7.093657615698374386e-01
2.879695455087342149e-01 -2.466599416810970336e-01
-1.255402568784436568e+00 -9.031609206120605471e-02
-1.049226262212716199e+00 1.682608568189463139e-01
-1.155776266063686331e+00 5.280826711148727259e-01
7.228451867143494969e-01 7.646811709226042364e-01
5.456183770204734440e-01 7.878411895110493113e-01
-1.337166330328688035e+00 5.159152791371756086e-01
-6.622100492501625801e-02 1.136106006179449235e-02
-5.106310079471303442e-01 1.620446599600728899e+00
-9.771207413492769556e-01 4.064080749870832010e-01
8.915252150316754776e-01 1.222696625447398766e+00
8.076772884287410914e-01 7.780819534224010514e-01
-1.443892873815056266e+00 -4.903982341119634825e-01
8.454427776141455464e-01 8.832666692281536669e-01
-1.806948923778975757e+00 3.936298598930156323e-01
-5.263740161131260642e-01 4.224949534545828778e-01
8.075600954093622441e-01 4.717579465853700277e-02
1.081964286226293259e+00 1.048160677960598308e+00
-1.657953705255760468e+00 2.692076975926455118e-01
-3.295861189983704254e-01 3.031597621796903730e-01
1.004313949458788269e+00 1.263502104227329781e+00
-1.430612842527351214e+00 1.455032476549516840e+00
1.824067466103779900e+00 8.211387774366697700e-02
1.747242272245684402e+00 -1.034992512506766271e+00
1.733289357787088925e+00 4.262759697306159890e-01
-1.815099173483022188e+00 7.313911277628870611e-01
6.609871092177748153e-01 1.648922895325549476e+00
9.331492201657803909e-01 5.388719029881313682e-01
7.006730315385070185e-01 4.420515070198027807e-01
-1.317923039189440537e+00 8.382166474732498651e-01
8.985515796166664293e-01 9.450586103453431086e-01
-8.117872344221852554e-01 -4.970039529209724360e-02
9.344729942292938629e-01 1.566539939779860946e+00
-1.317161046840481742e+00 3.186294170064309372e-01
-2.336103928207712288e-01 1.234679384950142511e+00
6.086854220862374376e-01 9.448053504865561170e-01
7.795386838537042840e-01 -1.401777475922545424e-01
1.386626488701299786e+00 -5.919403200966588674e-01
9.320251496608396025e-01 5.684456813013476495e-01
7.013419655173186440e-01 -1.189608648680035019e-01
-1.336230223887975521e+00 3.202234192297293558e-01
7.655679060166021843e-01 -1.007206427502789214e-01
8.038055009251816596e-01 -5.230715273999633208e-01
8.161797464034492577e-02 1.168263974718195986e+00
6.476498620718831312e-01 4.716303624847473785e-01
5.933178703978985169e-01 -7.332121639012569858e-01
1.428961962146168219e+00 5.705509333287867024e-01
1.348773119938038167e-01 -2.271828372993823786e-01
1.447630136444964855e+00 1.687482033196495035e+00
-5.842465147187281271e-02 -1.738795305712231842e-01
-8.434661491745493178e-01 7.295213034913761163e-02
5.197478091834260017e-01 6.034413186461642375e-01
-9.365439536481900973e-01 7.009946817223507987e-01
6.372013107682078514e-01 -6.916819776975277057e-01
1.682265924051235650e+00 -3.447245922749688218e-01
-6.354547189112316197e-01 5.644914553787053757e-01
4.219087840890436425e-01 3.905990508549966878e-01
1.437916380793665461e+00 9.424462657563866808e-01
1.097534848575690614e+00 1.092185721472043181e-01
1.464752555739764039e+00 1.291112295698962242e+00
-1.249016225346152531e+00 1.464766026908492780e+00
-4.302996577283496604e-01 -1.174129101768263128e-01
1.455089454046295971e+00 1.586091075956510277e-01
2.005628340731568482e+00 9.777022867720714938e-01
1.099650098448232693e+00 9.746982295191670698e-01
3.260372886854397967e-01 6.192133058717205207e-01
1.140220852658147876e+00 -4.965618054647903401e-01
9.074731644953292209e-01 5.961757561918221704e-01
-7.117045916925295312e-01 3.958506222110025341e-01
7.846522492167573581e-02 -2.389870020202433387e-01
9.878369378005321666e-01 -3.690154546028443505e-01
-8.508809128969719859e-01 1.163192948343515276e+00
6.179280380467784273e-01 -7.188957369007892284e-01
1.373594167102315966e+00 -5.944724776018680545e-01
2.767326502183060644e-01 1.400148974670013757e+00
-6.873842744864062659e-01 -3.010288278033738107e-01
2.129654475345426068e+00 -2.112857583032134653e-02
1.191366215006134155e+00 9.828788597340231137e-01
-1.179738270161679869e-01 7.000786041836116746e-01
-1.582574920391678130e+00 9.504132434770935500e-01
9.570346165141936368e-01 1.097146469022885817e+00
-1.034120802662315652e+00 1.356671360824683426e+00
-8.203313899880049220e-03 7.302726833127493045e-01
9.349465229031479474e-01 1.046976614692784358e+00
1.106740024455084459e+00 3.957131731333893843e-01
9.447296713837637361e-01 5.100863558578998536e-01
-7.780683836272871412e-01 6.668371636871334163e-01
8.621647327197214938e-01 6.451360170765558788e-01
2.348112026281789610e+00 9.630376668597924184e-01
-6.929603148269598556e-01 9.611033357832634572e-01
1.344909082267394140e+00 6.509231147824992014e-01
7.682020126769528723e-01 2.407407368867310882e-01
1.420815632036818155e+00 -1.247292900804744253e-01
4.365870956216282295e-01 -3.653388764324124183e-01
-2.529604634211969350e-01 3.974208681170995350e-01
-1.646428454861724289e+00 6.335254346745914367e-01
-5.715846940486544181e-01 1.744872033499265673e-01
-4.366820389467465091e-01 -3.996575418171166572e-02
-1.635242499242866909e+00 9.846983540790055223e-01
8.691772771445496204e-01 9.088776081050284894e-01
4.850323583455117271e-01 8.250283177054476003e-01
1.213129365389050474e+00 3.384540175151227737e-01
-5.252895965371195963e-01 5.437756206925954405e-01
-9.112869288731235695e-01 2.991095318958690852e-01
8.445569141507641708e-01 4.870008313439170428e-02
8.154090810287781821e-01 -1.196895887879631942e-01
3.186009707674652969e-02 9.438929839691427570e-02
1.231565164659303546e+00 1.139547882196226603e+00
1.283645138926334806e+00 -1.113375502575772447e-01
1.294939910367259639e+00 8.180705950146049954e-01
7.018429807747459392e-01 -2.628364813477314377e-02
6.859562201792105407e-01 -2.405135592303938585e-01
1.612435282096829958e+00 1.032428053171787985e+00
5.349217487378393754e-01 9.107054539563353979e-01
1.385702974338422822e+00 1.514719414391383578e+00
4.773733169265226284e-01 6.055726448413504270e-01
8.902294858343933193e-01 4.579816896640327428e-01
-1.853135095312506309e+00 1.475387697615894833e+00
1.756664041286602584e+00 1.276566032103791937e+00
1.220547082811402895e-01 2.254672309029574218e-01
-1.456411112722079348e+00 1.058508144047926480e+00
9.771480196698825171e-01 1.110253827878586730e+00
7.601720929960261719e-01 3.101791491717562632e-01
1.199523172820065042e+00 -1.386296378213325076e+00
1.407259911243933237e+00 1.029462794590815022e+00
9.789142743547105674e-01 -1.434435961949538096e-01
1.576165782391560022e+00 5.398092960184105449e-01
1.320065763048795970e+00 -8.084780221554171975e-01
1.226890956317842063e+00 8.512979449773427909e-02
-1.369781498195656644e+00 1.271507297703367900e+00
1.549829797943556464e+00 3.276318653612989018e-01
1.142139835403607417e+00 1.871334390327815456e+00
1.539098651857119027e+00 -2.795923331720482352e-01
